%YAML:1.0
image_width: 640
image_height: 580
# distortion_parameters:
k1: 0.041179
k2: 0.085373
p1: 0.000671
p2: 0.000604
k3: 0
# projection_parameters:
fx: 798.057485
fy: 798.301580 
cx: 329.267536
cy: 239.956855
